Assertion failed: (correspondences.size() >= 6), function directLinearTransform, file hw3utils.cpp, line 145.
Real rotation:
[0.9357548032779188, -0.3029327134026371, -0.1805400766943978;
 0.2831649605650737, 0.9505806179060914, -0.1273345749176303;
 0.2101917059507429, 0.06803131640494002, 0.9752903089530457]
Real translation:
[1.1, 2, 3]
[1;32m=== Test case 1: no noise, no outliers ===[0m
Estimated rotation:
[0.9357548032779531, -0.3029327134025532, -0.1805400766943607;
 0.2831649605650022, 0.9505806179061197, -0.1273345749175768;
 0.2101917059506855, 0.06803131640491727, 0.97529030895306]
Estimated translation:
[1.1, 2, 3]
Direct rotation error: 1.4961525380953718e-13
Direct translation error: 3.338653110278589e-14
[1;32m=== Test case 2: Gaussian noise, no outliers ===[0m
Estimated rotation:
[0.9307301699020866, -0.3051581605577976, -0.2015436624630373;
 0.2833658598800531, 0.9501535713800653, -0.1300460697143337;
 0.2311820501000705, 0.06392720734310654, 0.970807999489518]
Estimated translation:
[1.09719, 1.99202, 3.33361]
Direct rotation error: 0.030926597951774455
Direct translation error: 0.3337220978200379
[1;32m=== Test case 3: Gaussian noise, 30% outliers ===[0m
Estimated rotation:
[0.9332499577640672, -0.3069777800179359, -0.1865721278986398;
 0.2851718986268079, 0.9489376009762233, -0.1348866846173913;
 0.2184525224549907, 0.07267786477841695, 0.9731374123957529]
Estimated translation:
[1.09713, 1.99624, 3.00533]
Direct rotation error: 0.01473942289657498
Direct translation error: 0.007121043799497316
[1;32m=== Test case 4: degenerate scene, no noise, no outliers ===[0m
[1;31mCalculation failed.[0m
